Nose:[-1.4201254e-05 -9.4386203e-05  4.0685482e-06]
LEye:[-0.12487581  0.0085281  -0.07245561]
REye:[-2.5068671e-02  4.3735445e-01  2.2437982e-04]
LEar:[-0.04208762  0.84266627  0.20563382]
REar:[ 0.12487189 -0.00853094  0.07245605]
LShoulder:[0.05471988 0.40126166 0.20228967]
RShoulder:[-0.21903309  0.70375824  0.47248226]
LElbow:[ 0.02627491 -0.21372147 -0.10333987]
RElbow:[ 0.09567252 -0.35917437 -0.2837242 ]
LWrist:[ 0.2051098 -0.3739968 -0.3997839]
RWrist:[ 0.18151589 -0.49173456 -0.42268467]
LHip:[ 0.21050641 -0.31397828 -0.18739115]
RHip:[ 0.24366778 -0.03328095 -0.07962267]
LKnee:[ 0.08183829  0.00385672 -0.18169649]
RKnee:[-0.06962043 -0.30399543 -0.2960084 ]
LAnkle:[-0.36194146 -0.07690736 -0.29410514]
RAnkle:[-0.24161425 -0.04710866 -0.38868254]
min_x:-0.36194146
min_y:-0.49173456
min_z:-0.42268467
max_x:0.24366778
max_y:0.84266627
max_z:0.47248226
