Nose:[-1.0458920e-05 -5.2500560e-05  3.7341704e-07]
LEye:[-0.09826119  0.01532864 -0.10557637]
REye:[-0.17735583  0.4389387  -0.02004058]
LEar:[-0.3668731   0.8219542   0.15802771]
REar:[ 0.09825953 -0.01533262  0.10558652]
LShoulder:[0.01360692 0.40437922 0.23605204]
RShoulder:[-0.18365708  0.76912856  0.4461558 ]
LElbow:[ 0.00531642 -0.2519332  -0.05998035]
RElbow:[ 0.01043177 -0.44277716 -0.22769983]
LWrist:[ 0.10559836 -0.46138245 -0.34730792]
RWrist:[ 0.08655208 -0.58605385 -0.37668443]
LHip:[ 0.10840808 -0.45927644 -0.10249411]
RHip:[ 0.16130662 -0.28008962  0.13466863]
LKnee:[ 0.20322081 -0.04950201  0.15526247]
Rknee:[-0.10613693 -0.31701502 -0.25840795]
LAnkle:[-0.22777274 -0.03682179 -0.2093526 ]
RAnkle:[-0.19099022  0.20164898 -0.21213067]
min_x:-0.3668731
min_y:-0.58605385
min_z:-0.37668443
max_x:0.20322081
max_y:0.8219542
max_z:0.4461558
