Nose:[ 6.7182773e-06 -1.4007437e-05  8.4635061e-01]
LEye:[0.13289337 0.05806744 0.84833103]
REye:[0.1929738  0.02590197 0.41431087]
LEar:[ 3.1508833e-01 -1.4102858e-01  1.2713671e-04]
REar:[-0.1328961  -0.05807794  0.84426975]
LShoulder:[-0.08587034 -0.133517    0.4055866 ]
RShoulder:[ 0.02960126 -0.335616    0.00319242]
LElbow:[0.00609817 0.01054347 1.1050422 ]
RElbow:[0.05855172 0.12875146 1.3237953 ]
LWrist:[0.01824257 0.27101648 1.3667462 ]
RWrist:[0.04098084 0.26724988 1.4941726 ]
LHip:[-0.08197957  0.05273551  1.3192587 ]
RHip:[-0.21586773 -0.10660967  1.1005456 ]
LKnee:[-0.25057155 -0.06666513  0.8713043 ]
Rknee:[0.18399937 0.1321666  1.2029707 ]
LAnkle:[0.29019484 0.08979067 0.9155047 ]
RAnkle:[0.26992756 0.15007809 0.6827309 ]
min_x:-0.25057155
min_y:-0.335616
min_z:0.00012713671
max_x:0.31508833
max_y:0.27101648
max_z:1.4941726
